准备训练 GPT: [standard] | 模型路径: /ruilab/jxhe/CoE_Monitor/Physics_of_LM/Part1/checkpoints/GPT_2_Init/GPT_2_standard
Load pretrained standard model from: /ruilab/jxhe/CoE_Monitor/Physics_of_LM/Part1/checkpoints/GPT_2_Init/GPT_2_standard with flash_attention_2
swanlab: Tracking run with swanlab version 0.7.13
swanlab: Run data will be saved locally in /ruilab/jxhe/CoE_Monitor/Physics_of_LM/swanlog/run-20260322_210258-eytxvm4wvl5rr63zznztf
swanlab: 👋 Hi HXJA,welcome to swanlab!
swanlab: Syncing run gpt2_cfg_pretrain to the cloud
swanlab: 🏠 View project at https://swanlab.cn/@HXJA/CFG_Pretrain
swanlab: 🚀 View run at https://swanlab.cn/@HXJA/CFG_Pretrain/runs/eytxvm4wvl5rr63zznztf
[CoeTrainer] args 中未设置 resume_from_checkpoint，无法加载 CoE 状态。
[CoeTrainer] Rank 0 初始化完成
============测试模式=============
input_ids.shape: torch.Size([2, 512])
input的labels.shape: torch.Size([2, 512])
input_ids: [[2, 3, 2, 3, 3, 3, 2, 1, 2, 1, 3, 2, 3, 1, 2, 3, 3, 1, 3, 3, 1, 1, 1, 3, 2, 2, 1, 2, 1, 1, 1, 1, 2, 1, 2, 2, 1, 3, 1, 2, 3, 1, 1, 1, 2, 3, 2, 1, 2, 1, 1, 2, 1, 1, 1, 1, 2, 101, 100, 3, 1, 1, 1, 2, 1, 3, 3, 1, 1, 3, 2, 1, 2, 1, 1, 2, 1, 2, 2, 1, 1, 2, 1, 2, 2, 1, 3, 3, 2, 2, 1, 1, 2, 1, 3, 2, 3, 3, 3, 3, 3, 3, 1, 1, 2, 1, 2, 3, 3, 1, 1, 1, 3, 1, 1, 3, 3, 3, 2, 1, 2, 1, 3, 2, 2, 1, 1, 1, 2, 1, 2, 3, 1, 1, 3, 3, 1, 1, 2, 1, 2, 2, 1, 2, 2, 1, 3, 3, 3, 1, 1, 1, 1, 2, 2, 1, 1, 2, 3, 1, 1, 3, 3, 3, 3, 3, 1, 2, 1, 1, 1, 2, 3, 3, 1, 1, 2, 1, 2, 1, 3, 1, 2, 3, 2, 1, 1, 3, 2, 1, 1, 3, 2, 2, 3, 3, 3, 3, 1, 2, 1, 3, 1, 1, 3, 1, 1, 1, 2, 1, 2, 1, 2, 2, 1, 3, 2, 1, 2, 3, 3, 1, 1, 1, 1, 1, 3, 1, 1, 3, 1, 1, 3, 3, 1, 1, 1, 1, 2, 3, 3, 1, 1, 2, 1, 2, 1, 1, 1, 1, 1, 3, 3, 1, 1, 2, 1, 1, 2, 1, 2, 3, 3, 1, 2, 1, 3, 1, 1, 3, 3, 1, 1, 1, 2, 2, 1, 3, 2, 1, 2, 1, 3, 2, 2, 3, 1, 2, 1, 1, 1, 1, 3, 3, 1, 3, 1, 1, 1, 1, 1, 2, 1, 3, 3, 1, 3, 3, 3, 1, 2, 1, 1, 3, 3, 1, 3, 3, 1, 1, 2, 1, 101, 100, 3, 1, 2, 1, 1, 3, 1, 2, 3, 3, 2, 2, 1, 1, 1, 3, 1, 2, 3, 3, 3, 2, 2, 1, 2, 1, 2, 2, 1, 3, 2, 1, 2, 1, 3, 1, 2, 3, 3, 3, 1, 2, 3, 3, 1, 1, 3, 1, 2, 1, 2, 1, 1, 2, 3, 3, 1, 1, 2, 1, 1, 2, 3, 1, 1, 3, 1, 1, 3, 3, 3, 3, 3, 1, 1, 3, 1, 1, 1, 2, 1, 3, 2, 1, 2, 1, 2, 2, 1, 1, 2, 1, 3, 3, 1, 2, 3, 2, 1, 2, 1, 3, 2, 2, 1, 2, 1, 2, 1, 1, 1, 1, 3, 2, 1, 2, 1, 3, 2, 2, 1, 1, 1, 1, 3, 2, 2, 1, 2, 1, 3, 1, 2, 1, 2, 1, 1, 2, 1, 3, 1, 1, 3, 1, 1, 3, 3, 2, 2, 1, 1, 2, 1, 3, 2, 2, 3, 2, 3, 3, 1, 1, 1, 1, 3, 1, 2, 1, 1, 3, 2, 3, 3, 1, 3, 3, 1, 3, 3, 1, 3, 3, 1, 3, 3, 1, 2, 1], [2, 1, 2, 1, 3, 3, 3, 3, 1, 3, 1, 2, 3, 3, 3, 2, 2, 3, 1, 1, 3, 3, 1, 3, 3, 1, 2, 3, 1, 1, 3, 3, 1, 1, 1, 2, 1, 1, 2, 3, 3, 1, 3, 1, 1, 1, 2, 1, 3, 3, 1, 3, 3, 1, 1, 1, 3, 1, 1, 1, 2, 1, 1, 3, 2, 2, 1, 1, 1, 2, 1, 3, 1, 2, 3, 2, 2, 1, 1, 2, 2, 1, 3, 1, 2, 1, 1, 3, 3, 3, 2, 2, 3, 3, 3, 2, 2, 1, 2, 1, 3, 2, 2, 3, 3, 2, 2, 1, 3, 1, 2, 1, 1, 3, 1, 1, 101, 100, 2, 2, 1, 3, 3, 3, 3, 3, 3, 2, 2, 1, 1, 2, 1, 1, 2, 1, 3, 1, 2, 3, 3, 3, 3, 3, 2, 3, 2, 2, 1, 2, 1, 2, 3, 3, 3, 2, 1, 2, 1, 1, 2, 3, 1, 1, 1, 1, 3, 3, 1, 1, 3, 2, 2, 1, 2, 1, 3, 1, 1, 1, 2, 1, 3, 3, 3, 2, 2, 1, 2, 1, 3, 2, 3, 1, 1, 3, 1, 1, 1, 2, 1, 2, 2, 1, 3, 1, 2, 1, 2, 1, 3, 2, 2, 3, 3, 3, 1, 1, 1, 2, 1, 3, 3, 1, 1, 1, 2, 2, 1, 3, 2, 2, 1, 2, 1, 1, 1, 1, 2, 1, 1, 2, 1, 1, 3, 1, 2, 1, 2, 1, 3, 2, 2, 2, 2, 1, 1, 2, 3, 1, 1, 3, 2, 1, 1, 1, 2, 1, 3, 2, 2, 1, 1, 1, 1, 3, 3, 1, 3, 1, 1, 1, 1, 1, 1, 2, 2, 1, 1, 2, 1, 1, 2, 1, 2, 1, 3, 3, 1, 1, 2, 3, 1, 1, 1, 1, 3, 3, 1, 1, 1, 1, 2, 1, 1, 3, 1, 2, 3, 1, 2, 1, 1, 1, 2, 1, 3, 3, 1, 1, 2, 3, 3, 101, 100, 3, 3, 1, 1, 2, 1, 2, 1, 3, 1, 1, 1, 2, 2, 2, 1, 1, 2, 1, 3, 2, 2, 3, 1, 1, 1, 2, 1, 1, 3, 1, 2, 3, 3, 2, 2, 1, 1, 1, 3, 2, 2, 3, 2, 1, 1, 3, 1, 2, 3, 2, 2, 1, 2, 1, 2, 1, 2, 1, 1, 2, 1, 3, 3, 1, 1, 2, 3, 1, 1, 1, 2, 1, 3, 3, 1, 1, 2, 1, 3, 2, 2, 3, 3, 3, 3, 3, 2, 2, 1, 1, 2, 2, 1, 3, 1, 2, 3, 2, 3, 3, 1, 2, 1, 3, 1, 2, 1, 1, 3, 1, 2, 3, 2, 2, 1, 2, 1, 3, 2, 1, 2, 1, 3, 2, 2, 3, 1, 2, 3, 3, 1, 3, 1, 1, 2, 2, 1, 3, 3, 1, 2, 1, 3, 3, 1, 1, 1, 3, 3, 3, 2, 2, 1, 1, 2, 2, 1, 1, 1, 3, 2, 2, 2, 1, 1, 2, 1, 1, 2, 1, 3, 2, 1, 2, 1, 3]]
shift_labels [[3, 2, 3, 3, 3, 2, 1, 2, 1, 3, 2, 3, 1, 2, 3, 3, 1, 3, 3, 1, 1, 1, 3, 2, 2, 1, 2, 1, 1, 1, 1, 2, 1, 2, 2, 1, 3, 1, 2, 3, 1, 1, 1, 2, 3, 2, 1, 2, 1, 1, 2, 1, 1, 1, 1, 2, 101, -100, 3, 1, 1, 1, 2, 1, 3, 3, 1, 1, 3, 2, 1, 2, 1, 1, 2, 1, 2, 2, 1, 1, 2, 1, 2, 2, 1, 3, 3, 2, 2, 1, 1, 2, 1, 3, 2, 3, 3, 3, 3, 3, 3, 1, 1, 2, 1, 2, 3, 3, 1, 1, 1, 3, 1, 1, 3, 3, 3, 2, 1, 2, 1, 3, 2, 2, 1, 1, 1, 2, 1, 2, 3, 1, 1, 3, 3, 1, 1, 2, 1, 2, 2, 1, 2, 2, 1, 3, 3, 3, 1, 1, 1, 1, 2, 2, 1, 1, 2, 3, 1, 1, 3, 3, 3, 3, 3, 1, 2, 1, 1, 1, 2, 3, 3, 1, 1, 2, 1, 2, 1, 3, 1, 2, 3, 2, 1, 1, 3, 2, 1, 1, 3, 2, 2, 3, 3, 3, 3, 1, 2, 1, 3, 1, 1, 3, 1, 1, 1, 2, 1, 2, 1, 2, 2, 1, 3, 2, 1, 2, 3, 3, 1, 1, 1, 1, 1, 3, 1, 1, 3, 1, 1, 3, 3, 1, 1, 1, 1, 2, 3, 3, 1, 1, 2, 1, 2, 1, 1, 1, 1, 1, 3, 3, 1, 1, 2, 1, 1, 2, 1, 2, 3, 3, 1, 2, 1, 3, 1, 1, 3, 3, 1, 1, 1, 2, 2, 1, 3, 2, 1, 2, 1, 3, 2, 2, 3, 1, 2, 1, 1, 1, 1, 3, 3, 1, 3, 1, 1, 1, 1, 1, 2, 1, 3, 3, 1, 3, 3, 3, 1, 2, 1, 1, 3, 3, 1, 3, 3, 1, 1, 2, 1, 101, -100, 3, 1, 2, 1, 1, 3, 1, 2, 3, 3, 2, 2, 1, 1, 1, 3, 1, 2, 3, 3, 3, 2, 2, 1, 2, 1, 2, 2, 1, 3, 2, 1, 2, 1, 3, 1, 2, 3, 3, 3, 1, 2, 3, 3, 1, 1, 3, 1, 2, 1, 2, 1, 1, 2, 3, 3, 1, 1, 2, 1, 1, 2, 3, 1, 1, 3, 1, 1, 3, 3, 3, 3, 3, 1, 1, 3, 1, 1, 1, 2, 1, 3, 2, 1, 2, 1, 2, 2, 1, 1, 2, 1, 3, 3, 1, 2, 3, 2, 1, 2, 1, 3, 2, 2, 1, 2, 1, 2, 1, 1, 1, 1, 3, 2, 1, 2, 1, 3, 2, 2, 1, 1, 1, 1, 3, 2, 2, 1, 2, 1, 3, 1, 2, 1, 2, 1, 1, 2, 1, 3, 1, 1, 3, 1, 1, 3, 3, 2, 2, 1, 1, 2, 1, 3, 2, 2, 3, 2, 3, 3, 1, 1, 1, 1, 3, 1, 2, 1, 1, 3, 2, 3, 3, 1, 3, 3, 1, 3, 3, 1, 3, 3, 1, 3, 3, 1, 2, 1, -100], [1, 2, 1, 3, 3, 3, 3, 1, 3, 1, 2, 3, 3, 3, 2, 2, 3, 1, 1, 3, 3, 1, 3, 3, 1, 2, 3, 1, 1, 3, 3, 1, 1, 1, 2, 1, 1, 2, 3, 3, 1, 3, 1, 1, 1, 2, 1, 3, 3, 1, 3, 3, 1, 1, 1, 3, 1, 1, 1, 2, 1, 1, 3, 2, 2, 1, 1, 1, 2, 1, 3, 1, 2, 3, 2, 2, 1, 1, 2, 2, 1, 3, 1, 2, 1, 1, 3, 3, 3, 2, 2, 3, 3, 3, 2, 2, 1, 2, 1, 3, 2, 2, 3, 3, 2, 2, 1, 3, 1, 2, 1, 1, 3, 1, 1, 101, -100, 2, 2, 1, 3, 3, 3, 3, 3, 3, 2, 2, 1, 1, 2, 1, 1, 2, 1, 3, 1, 2, 3, 3, 3, 3, 3, 2, 3, 2, 2, 1, 2, 1, 2, 3, 3, 3, 2, 1, 2, 1, 1, 2, 3, 1, 1, 1, 1, 3, 3, 1, 1, 3, 2, 2, 1, 2, 1, 3, 1, 1, 1, 2, 1, 3, 3, 3, 2, 2, 1, 2, 1, 3, 2, 3, 1, 1, 3, 1, 1, 1, 2, 1, 2, 2, 1, 3, 1, 2, 1, 2, 1, 3, 2, 2, 3, 3, 3, 1, 1, 1, 2, 1, 3, 3, 1, 1, 1, 2, 2, 1, 3, 2, 2, 1, 2, 1, 1, 1, 1, 2, 1, 1, 2, 1, 1, 3, 1, 2, 1, 2, 1, 3, 2, 2, 2, 2, 1, 1, 2, 3, 1, 1, 3, 2, 1, 1, 1, 2, 1, 3, 2, 2, 1, 1, 1, 1, 3, 3, 1, 3, 1, 1, 1, 1, 1, 1, 2, 2, 1, 1, 2, 1, 1, 2, 1, 2, 1, 3, 3, 1, 1, 2, 3, 1, 1, 1, 1, 3, 3, 1, 1, 1, 1, 2, 1, 1, 3, 1, 2, 3, 1, 2, 1, 1, 1, 2, 1, 3, 3, 1, 1, 2, 3, 3, 101, -100, 3, 3, 1, 1, 2, 1, 2, 1, 3, 1, 1, 1, 2, 2, 2, 1, 1, 2, 1, 3, 2, 2, 3, 1, 1, 1, 2, 1, 1, 3, 1, 2, 3, 3, 2, 2, 1, 1, 1, 3, 2, 2, 3, 2, 1, 1, 3, 1, 2, 3, 2, 2, 1, 2, 1, 2, 1, 2, 1, 1, 2, 1, 3, 3, 1, 1, 2, 3, 1, 1, 1, 2, 1, 3, 3, 1, 1, 2, 1, 3, 2, 2, 3, 3, 3, 3, 3, 2, 2, 1, 1, 2, 2, 1, 3, 1, 2, 3, 2, 3, 3, 1, 2, 1, 3, 1, 2, 1, 1, 3, 1, 2, 3, 2, 2, 1, 2, 1, 3, 2, 1, 2, 1, 3, 2, 2, 3, 1, 2, 3, 3, 1, 3, 1, 1, 2, 2, 1, 3, 3, 1, 2, 1, 3, 3, 1, 1, 1, 3, 3, 3, 2, 2, 1, 1, 2, 2, 1, 1, 1, 3, 2, 2, 2, 1, 1, 2, 1, 1, 2, 1, 3, 2, 1, 2, 1, 3, -100]]
raw_compute_loss 0.2926359176635742
labels 的形状 torch.Size([2, 512])
labels 中 -100 比例 tensor(0.0039, device='cuda:0')
hidden_states.len == Layer_Num ==  13
labels 中 -100 比例 tensor(0.0039, device='cuda:0')
Packed 模式条件不满足: Batch=2, SeqLen=512, Labels_Shape=torch.Size([2, 512]), EOS_Token_ID=101
[普通模式] PoL PT模式,使用全量掩码。
layer_hidden_time 0.04563474655151367
准备保存 Layer Hidden State: torch.Size([2, 13, 768]), layer_hidden_state 原始形状: torch.Size([2, 13, 768])
save_layer_time 3.361701965332031e-05
coe_add 0.02359175682067871
step_time= 0.4634208679199219
============测试模式=============
shift_labels [[3, 1, 2, 3, 2, 2, 3, 1, 1, 3, 3, 1, 3, 3, 1, 1, 2, 1, 1, 1, 101, -100, 1, 2, 1, 1, 2, 1, 2, 1, 3, 2, 2, 3, 2, 1, 1, 3, 3, 1, 3, 3, 2, 2, 1, 2, 2, 1, 3, 3, 2, 2, 1, 2, 2, 1, 1, 2, 1, 1, 1, 1, 1, 3, 1, 1, 1, 2, 1, 2, 2, 1, 1, 2, 1, 3, 3, 1, 3, 3, 1, 3, 1, 1, 1, 2, 1, 3, 3, 2, 2, 1, 3, 3, 3, 2, 1, 1, 3, 2, 3, 3, 2, 2, 1, 2, 2, 1, 1, 1, 3, 2, 3, 3, 1, 1, 1, 1, 1, 3, 3, 1, 1, 2, 1, 2, 1, 3, 3, 1, 3, 3, 3, 3, 3, 2, 2, 3, 3, 3, 2, 3, 3, 1, 1, 2, 1, 1, 3, 3, 3, 3, 1, 3, 1, 1, 3, 1, 1, 3, 1, 1, 3, 1, 1, 1, 2, 1, 3, 3, 1, 2, 2, 1, 3, 3, 1, 1, 1, 1, 1, 2, 3, 2, 2, 1, 1, 3, 3, 3, 2, 2, 1, 1, 1, 1, 2, 2, 1, 1, 1, 1, 2, 1, 1, 2, 3, 1, 1, 3, 3, 3, 3, 3, 2, 2, 3, 2, 1, 2, 1, 2, 1, 1, 1, 2, 3, 1, 1, 3, 2, 1, 1, 3, 1, 2, 3, 1, 2, 1, 2, 1, 3, 2, 2, 3, 3, 1, 3, 3, 1, 1, 1, 3, 3, 2, 2, 1, 3, 3, 2, 2, 1, 3, 3, 1, 2, 1, 1, 1, 2, 1, 3, 1, 2, 1, 1, 3, 2, 3, 3, 1, 3, 3, 1, 101, -100, 1, 1, 3, 2, 2, 1, 1, 3, 3, 1, 2, 1, 2, 1, 3, 2, 2, 3, 3, 3, 3, 3, 3, 1, 3, 3, 3, 2, 2, 2, 1, 3, 3, 2, 2, 1, 1, 1, 3, 2, 2, 3, 3, 3, 2, 3, 2, 1, 1, 3, 1, 2, 3, 3, 1, 3, 1, 1, 3, 3, 3, 3, 1, 1, 2, 1, 2, 1, 1, 2, 1, 3, 1, 2, 1, 2, 1, 2, 1, 1, 3, 3, 3, 2, 3, 1, 2, 2, 2, 1, 3, 3, 3, 1, 2, 1, 2, 1, 1, 2, 3, 3, 3, 2, 3, 2, 2, 3, 3, 3, 1, 1, 3, 1, 2, 3, 3, 2, 2, 1, 1, 2, 1, 3, 2, 3, 2, 3, 1, 1, 1, 1, 3, 3, 1, 2, 3, 3, 1, 3, 3, 1, 1, 2, 3, 3, 2, 2, 1, 1, 2, 1, 1, 2, 3, 3, 1, 1, 2, 3, 1, 2, 1, 1, 2, 2, 1, 1, 2, 1, 3, 3, 1, 1, 1, 3, 1, 2, 2, 2, 1, 1, 1, 3, 1, 2, 1, 2, 1, 3, 1, 2, 3, 3, 1, 2, 1, 3, 1, 1, 3, 1, 1, 1, 1, 1, 1, 3, 2, 3, 2, 2, 3, 2, 3, 3, 3, 1, 2, 3, 3, 1, 1, 1, -100], [2, 1, 2, 1, 3, 1, 2, 3, 1, 2, 3, 1, 2, 1, 2, 1, 3, 2, 2, 2, 1, 1, 1, 1, 2, 1, 3, 2, 2, 1, 2, 1, 3, 2, 1, 2, 1, 3, 2, 2, 1, 2, 1, 1, 1, 3, 1, 1, 1, 2, 3, 1, 1, 1, 1, 3, 1, 1, 1, 2, 1, 1, 2, 1, 1, 2, 3, 3, 1, 3, 3, 3, 3, 3, 1, 1, 1, 2, 1, 3, 2, 2, 2, 2, 1, 1, 1, 3, 3, 1, 1, 2, 1, 3, 1, 2, 3, 3, 1, 3, 1, 1, 3, 3, 3, 2, 2, 3, 3, 3, 1, 2, 3, 3, 3, 1, 2, 3, 3, 1, 3, 3, 1, 1, 1, 2, 2, 1, 3, 1, 2, 3, 3, 3, 1, 1, 101, -100, 1, 2, 1, 1, 1, 2, 1, 3, 1, 2, 3, 3, 3, 2, 2, 3, 3, 1, 3, 1, 1, 3, 1, 2, 3, 3, 2, 2, 1, 3, 2, 1, 1, 3, 1, 2, 3, 1, 1, 3, 1, 1, 2, 2, 1, 1, 1, 1, 1, 3, 1, 1, 3, 3, 1, 1, 1, 3, 3, 1, 3, 3, 1, 3, 3, 1, 1, 2, 1, 2, 1, 2, 2, 1, 1, 1, 3, 3, 3, 3, 3, 3, 1, 2, 2, 1, 1, 1, 3, 3, 1, 2, 1, 3, 2, 3, 2, 3, 3, 3, 1, 2, 3, 3, 3, 1, 2, 2, 2, 1, 3, 1, 1, 3, 3, 1, 1, 2, 1, 1, 1, 3, 2, 3, 3, 3, 3, 1, 1, 2, 1, 3, 3, 3, 2, 2, 1, 1, 3, 3, 3, 3, 3, 1, 2, 1, 2, 1, 2, 2, 1, 1, 2, 1, 3, 2, 1, 2, 1, 3, 2, 3, 2, 2, 3, 3, 1, 3, 3, 1, 1, 2, 1, 3, 2, 1, 1, 1, 1, 1, 2, 3, 3, 1, 1, 1, 1, 2, 1, 2, 1, 1, 1, 1, 1, 3, 2, 2, 3, 3, 1, 1, 2, 1, 1, 3, 2, 3, 2, 2, 3, 1, 1, 1, 2, 1, 1, 2, 2, 1, 1, 1, 3, 1, 2, 1, 2, 1, 3, 1, 2, 3, 2, 2, 1, 2, 1, 3, 2, 2, 3, 1, 1, 3, 3, 1, 1, 1, 2, 1, 2, 1, 2, 1, 3, 1, 2, 3, 2, 2, 1, 2, 1, 2, 3, 3, 1, 2, 1, 3, 2, 1, 2, 1, 3, 1, 1, 1, 2, 3, 3, 3, 3, 2, 2, 1, 3, 2, 2, 3, 2, 2, 3, 3, 3, 1, 2, 1, 2, 1, 3, 1, 2, 1, 1, 3, 2, 2, 2, 1, 3, 3, 1, 1, 2, 1, 1, 1, 3, 2, 2, 1, 2, 1, 1, 2, 1, 3, 3, 3, 3, 1, 3, 3, 1, 1, 2, 3, 3, 3, 2, 2, 1, 1, 1, 2, 101, -100, 2, 2, 1, 3, 3, 2, 2, 1, 3, 2, 1, 1, 3, 1, 2, 3, 3, 1, 1, 2, 1, 2, 1, 2, 3, -100]]
raw_compute_loss 0.018494129180908203
labels 的形状 torch.Size([2, 512])
labels 中 -100 比例 tensor(0.0039, device='cuda:0')
layer_hidden_time 0.0013918876647949219
save_layer_time 2.0503997802734375e-05
coe_add 0.0010983943939208984
step_time= 0.03811907768249512
============测试模式=============
shift_labels [[3, 3, 2, 3, 3, 3, 1, 2, 3, 3, 1, 3, 3, 1, 1, 2, 2, 1, 1, 2, 1, 3, 2, 2, 1, 1, 2, 2, 1, 3, 2, 2, 1, 1, 1, 2, 3, 3, 1, 3, 3, 1, 2, 1, 1, 2, 1, 3, 3, 1, 3, 3, 3, 1, 2, 3, 1, 2, 3, 2, 1, 2, 1, 1, 1, 3, 3, 3, 1, 2, 1, 1, 3, 1, 1, 3, 3, 1, 1, 2, 1, 3, 3, 3, 1, 1, 1, 2, 3, 3, 1, 1, 1, 3, 2, 2, 1, 1, 1, 2, 1, 1, 2, 1, 1, 3, 1, 1, 1, 1, 2, 2, 1, 2, 2, 1, 1, 2, 1, 3, 3, 1, 1, 1, 3, 2, 2, 1, 1, 1, 1, 3, 2, 2, 3, 3, 1, 2, 3, 3, 1, 1, 2, 1, 3, 3, 3, 2, 3, 1, 2, 3, 3, 2, 2, 1, 3, 3, 1, 1, 2, 3, 3, 1, 1, 3, 2, 3, 3, 3, 1, 1, 101, -100, 1, 2, 1, 3, 2, 1, 1, 1, 1, 3, 3, 1, 1, 2, 3, 1, 1, 3, 2, 1, 2, 1, 3, 1, 2, 3, 3, 1, 2, 3, 3, 2, 2, 1, 3, 1, 2, 3, 1, 1, 3, 3, 1, 2, 2, 1, 3, 3, 3, 2, 2, 3, 3, 1, 3, 1, 1, 3, 3, 1, 3, 1, 1, 1, 2, 1, 2, 2, 1, 3, 3, 1, 1, 3, 1, 2, 1, 1, 1, 2, 1, 2, 1, 2, 1, 3, 1, 2, 1, 1, 3, 1, 2, 1, 2, 1, 3, 1, 1, 3, 1, 1, 3, 1, 1, 1, 1, 2, 2, 1, 3, 1, 1, 3, 1, 1, 1, 1, 3, 1, 2, 1, 2, 1, 3, 3, 1, 3, 1, 1, 1, 1, 1, 2, 3, 1, 1, 2, 2, 1, 1, 1, 2, 2, 1, 1, 1, 2, 2, 1, 3, 2, 101, -100, 3, 2, 2, 1, 1, 2, 2, 1, 3, 2, 2, 1, 1, 1, 1, 3, 2, 1, 1, 3, 2, 3, 3, 1, 1, 2, 3, 3, 3, 2, 1, 1, 3, 2, 3, 3, 1, 3, 1, 1, 1, 2, 1, 3, 1, 2, 1, 2, 1, 1, 2, 1, 2, 1, 2, 1, 3, 3, 3, 2, 2, 1, 1, 3, 3, 1, 3, 1, 1, 1, 1, 3, 3, 3, 2, 2, 3, 2, 1, 2, 1, 3, 1, 2, 1, 1, 3, 2, 2, 1, 1, 3, 2, 2, 3, 3, 1, 3, 3, 1, 1, 2, 1, 2, 2, 1, 3, 3, 1, 1, 3, 2, 1, 2, 1, 3, 1, 1, 1, 2, 1, 1, 3, 1, 1, 1, 1, 3, 2, 3, 3, 1, 2, 3, 1, 1, 1, 2, 3, 3, 1, 1, 2, 1, 3, 1, 1, 1, 2, 1, 3, 2, 2, 2, 2, 1, 1, 1, 3, 2, 2, 3, 3, 1, 1, 2, 1, 3, 3, 3, 2, 1, 2, 1, 3, 1, 2, 3, 1, 1, 1, 2, 1, -100], [3, 1, 1, 1, 2, 1, 3, 2, 2, 1, 1, 1, 2, 3, 1, 1, 1, 2, 1, 3, 3, 2, 2, 1, 101, -100, 3, 3, 1, 1, 1, 3, 3, 3, 3, 1, 3, 1, 1, 1, 2, 1, 3, 3, 1, 1, 2, 1, 2, 1, 2, 1, 3, 3, 3, 1, 1, 3, 3, 1, 1, 2, 1, 3, 1, 2, 3, 1, 2, 3, 2, 2, 1, 2, 1, 1, 1, 1, 2, 1, 3, 3, 1, 1, 2, 3, 1, 1, 3, 2, 2, 1, 1, 3, 1, 2, 3, 3, 2, 2, 1, 3, 3, 1, 2, 1, 1, 2, 3, 2, 1, 2, 1, 3, 2, 2, 3, 3, 2, 2, 1, 1, 2, 1, 3, 2, 1, 1, 3, 1, 2, 3, 1, 1, 3, 1, 1, 3, 3, 3, 2, 2, 3, 2, 1, 2, 1, 1, 2, 1, 3, 1, 1, 3, 1, 1, 3, 3, 3, 3, 1, 3, 1, 1, 3, 3, 1, 3, 3, 1, 1, 3, 2, 1, 1, 2, 2, 1, 3, 3, 1, 3, 1, 1, 3, 3, 1, 1, 2, 1, 1, 1, 2, 1, 3, 1, 2, 3, 1, 1, 1, 2, 1, 2, 1, 1, 2, 1, 3, 2, 2, 3, 2, 2, 1, 2, 1, 2, 1, 2, 1, 3, 1, 2, 1, 2, 1, 3, 3, 3, 2, 2, 3, 3, 3, 2, 1, 1, 2, 2, 1, 3, 2, 2, 1, 1, 3, 2, 2, 3, 2, 3, 3, 1, 3, 3, 1, 1, 1, 3, 2, 2, 1, 1, 101, -100, 3, 1, 2, 3, 3, 2, 2, 1, 3, 1, 1, 3, 3, 1, 3, 3, 1, 3, 1, 1, 3, 3, 2, 2, 1, 1, 1, 3, 2, 2, 1, 2, 1, 3, 2, 3, 3, 2, 2, 1, 3, 2, 3, 3, 3, 2, 3, 2, 2, 1, 2, 1, 3, 1, 2, 1, 1, 1, 2, 3, 3, 3, 1, 2, 3, 1, 2, 3, 3, 2, 2, 1, 3, 2, 2, 3, 3, 1, 2, 1, 2, 2, 1, 1, 1, 3, 2, 2, 2, 1, 1, 2, 1, 2, 2, 1, 3, 3, 3, 2, 3, 2, 3, 2, 1, 2, 1, 3, 1, 2, 3, 1, 2, 3, 3, 1, 2, 1, 3, 1, 2, 1, 1, 1, 1, 3, 3, 3, 2, 2, 2, 2, 1, 1, 1, 3, 2, 1, 2, 1, 3, 2, 1, 2, 1, 2, 1, 1, 3, 1, 1, 1, 1, 1, 2, 1, 3, 2, 2, 3, 3, 3, 1, 2, 3, 3, 1, 1, 2, 1, 1, 3, 2, 3, 1, 2, 1, 1, 2, 2, 1, 3, 1, 2, 1, 1, 3, 3, 3, 3, 3, 2, 2, 1, 2, 1, 1, 2, 3, 1, 1, 1, 1, 1, 1, 3, 1, 2, 3, 1, 2, 3, 3, 2, 2, 1, 2, 2, 1, 3, 1, 1, 3, 3, 1, 2, 1, 3, 1, 1, 3, 3, 1, 2, 1, 3, 3, 1, 3, 3, 1, 1, 2, 1, 1, -100]]
raw_compute_loss 0.016828298568725586
labels 的形状 torch.Size([2, 512])
labels 中 -100 比例 tensor(0.0039, device='cuda:0')
layer_hidden_time 0.001306295394897461
save_layer_time 1.7881393432617188e-05
coe_add 0.0009250640869140625
step_time= 0.03569602966308594
============测试模式=============
shift_labels [[2, 2, 1, 1, 1, 2, 2, 1, 3, 3, 1, 1, 2, 1, 3, 3, 1, 1, 3, 2, 2, 1, 2, 1, 3, 1, 1, 3, 1, 1, 3, 3, 1, 2, 1, 2, 2, 1, 3, 1, 2, 1, 2, 3, 3, 1, 1, 1, 3, 2, 1, 2, 1, 1, 1, 3, 1, 2, 1, 1, 3, 2, 3, 2, 1, 1, 2, 2, 1, 1, 1, 1, 2, 2, 2, 1, 1, 2, 1, 3, 1, 2, 3, 3, 3, 2, 2, 3, 3, 1, 3, 3, 1, 1, 3, 1, 1, 3, 1, 1, 3, 3, 3, 1, 1, 1, 2, 1, 1, 1, 1, 3, 2, 2, 2, 2, 1, 2, 2, 1, 1, 2, 1, 3, 2, 3, 3, 1, 3, 1, 1, 3, 3, 3, 2, 1, 2, 1, 1, 1, 1, 3, 3, 1, 1, 1, 1, 2, 1, 1, 1, 3, 1, 2, 3, 3, 1, 3, 1, 1, 101, -100, 1, 2, 1, 3, 2, 1, 1, 1, 2, 1, 2, 1, 1, 3, 3, 3, 1, 1, 3, 1, 1, 3, 1, 1, 1, 1, 1, 2, 1, 2, 1, 3, 1, 2, 3, 1, 2, 1, 2, 1, 2, 2, 1, 1, 2, 1, 1, 1, 1, 3, 2, 3, 3, 3, 1, 2, 3, 3, 3, 2, 2, 2, 1, 1, 2, 1, 3, 1, 1, 1, 2, 1, 3, 1, 2, 2, 2, 1, 3, 3, 3, 3, 1, 1, 2, 1, 2, 2, 1, 1, 2, 1, 2, 2, 1, 1, 1, 3, 1, 2, 1, 1, 3, 2, 3, 3, 3, 1, 1, 3, 3, 1, 1, 1, 3, 2, 2, 1, 1, 2, 2, 1, 3, 1, 2, 3, 1, 2, 3, 3, 3, 2, 3, 3, 3, 2, 2, 3, 1, 1, 1, 2, 1, 2, 1, 1, 2, 1, 2, 1, 1, 2, 1, 1, 2, 1, 3, 2, 2, 1, 1, 3, 2, 2, 2, 2, 1, 3, 1, 2, 3, 3, 3, 3, 2, 2, 1, 1, 1, 3, 2, 1, 1, 2, 2, 1, 1, 1, 3, 1, 1, 1, 2, 1, 2, 1, 1, 2, 3, 3, 1, 1, 1, 2, 2, 1, 1, 1, 1, 2, 1, 1, 1, 3, 3, 1, 1, 2, 1, 3, 1, 1, 3, 3, 3, 1, 2, 3, 1, 1, 3, 1, 1, 1, 2, 1, 1, 1, 1, 1, 1, 2, 2, 1, 1, 2, 3, 1, 1, 1, 1, 3, 3, 3, 2, 2, 3, 3, 3, 3, 1, 3, 1, 1, 1, 1, 2, 2, 1, 3, 3, 1, 3, 1, 1, 1, 1, 1, 2, 1, 3, 2, 2, 2, 2, 1, 3, 3, 1, 1, 1, 1, 3, 2, 1, 2, 1, 3, 2, 2, 3, 2, 2, 2, 2, 1, 3, 3, 2, 2, 1, 1, 1, 2, 2, 1, 2, 2, 1, 3, 2, 1, 1, 3, 2, 3, 3, 2, 2, 1, 3, 3, 1, 2, 3, 3, 1, 3, 3, 1, 2, 1, 2, 2, 1, 3, 2, 2, 101, -100], [3, 1, 1, 1, 2, 1, 1, 3, 1, 1, 1, 2, 1, 1, 3, 3, 1, 2, 1, 1, 2, 1, 2, 3, 3, 1, 1, 2, 1, 1, 2, 1, 2, 1, 3, 1, 1, 1, 1, 3, 3, 1, 3, 3, 3, 2, 2, 3, 2, 2, 3, 1, 2, 1, 1, 1, 1, 1, 2, 1, 2, 2, 1, 3, 3, 3, 1, 1, 3, 3, 1, 2, 1, 3, 3, 1, 3, 3, 1, 1, 3, 1, 2, 1, 1, 2, 2, 1, 1, 1, 3, 2, 3, 2, 2, 3, 3, 1, 3, 3, 1, 1, 3, 2, 3, 3, 3, 1, 2, 3, 2, 2, 3, 3, 3, 1, 2, 3, 3, 3, 1, 2, 1, 2, 1, 3, 3, 1, 1, 1, 1, 1, 3, 2, 2, 1, 1, 3, 3, 3, 2, 2, 1, 2, 1, 3, 1, 2, 3, 1, 1, 3, 1, 1, 3, 1, 2, 3, 3, 1, 2, 1, 1, 2, 1, 2, 2, 1, 3, 1, 2, 1, 2, 1, 3, 2, 2, 3, 2, 2, 1, 2, 1, 2, 1, 1, 2, 1, 2, 2, 1, 1, 2, 1, 2, 2, 1, 3, 2, 2, 3, 3, 1, 2, 1, 3, 2, 3, 3, 3, 2, 2, 1, 1, 1, 2, 3, 1, 2, 1, 1, 1, 2, 1, 1, 1, 2, 2, 1, 1, 1, 3, 2, 2, 3, 2, 3, 2, 1, 2, 1, 3, 3, 3, 3, 1, 2, 1, 1, 2, 2, 1, 101, -100, 3, 3, 3, 1, 1, 1, 2, 1, 1, 1, 2, 1, 3, 1, 1, 3, 3, 1, 1, 2, 1, 3, 1, 1, 3, 1, 1, 3, 3, 3, 1, 1, 3, 1, 1, 3, 1, 1, 3, 3, 1, 3, 3, 3, 2, 2, 1, 2, 1, 3, 3, 3, 2, 2, 1, 2, 1, 1, 1, 1, 1, 3, 3, 1, 3, 2, 3, 3, 1, 1, 3, 3, 1, 3, 3, 1, 1, 1, 3, 1, 2, 3, 3, 1, 2, 1, 3, 2, 2, 3, 3, 2, 2, 1, 3, 3, 1, 3, 1, 1, 3, 1, 1, 1, 2, 1, 1, 3, 3, 3, 2, 2, 3, 2, 2, 3, 3, 1, 3, 1, 1, 1, 2, 1, 3, 2, 2, 1, 2, 1, 1, 2, 1, 1, 1, 3, 2, 2, 2, 1, 3, 3, 3, 1, 2, 1, 1, 3, 3, 1, 1, 1, 3, 3, 1, 3, 1, 1, 3, 1, 1, 3, 3, 1, 1, 2, 1, 3, 3, 3, 3, 1, 2, 3, 2, 1, 2, 1, 2, 2, 1, 1, 1, 2, 2, 1, 1, 1, 1, 2, 101, -100, 3, 3, 3, 1, 2, 3, 3, 2, 2, 1, 3, 2, 1, 2, 1, 3, 2, 2, 1, 2, 1, 3, 1, 1, 3, 1, 1, 3, 1, 1, 3, 3, 1, 3, 3, 3, 2, 2, 1, 1, 1, 2, 1, 2, 1, 1, 1, 1, 3, 1, 1, 1, 2, 1, 3, 1, 2, 3, 2, 2, 1, 1, 3, 1, 2, -100]]
raw_compute_loss 0.018263816833496094
labels 的形状 torch.Size([2, 512])
labels 中 -100 比例 tensor(0.0029, device='cuda:0')
layer_hidden_time 0.0014302730560302734
save_layer_time 0.0002357959747314453
coe_add 0.0008542537689208984
step_time= 0.03969383239746094
============测试模式=============
shift_labels [[1, 2, 3, 2, 3, 3, 3, 1, 2, 1, 2, 1, 3, 2, 2, 1, 2, 1, 3, 2, 2, 3, 1, 1, 1, 2, 1, 1, 1, 1, 2, 3, 1, 1, 1, 1, 1, 1, 1, 2, 1, 2, 1, 2, 3, 3, 3, 3, 3, 2, 3, 2, 3, 3, 1, 1, 3, 3, 1, 1, 2, 3, 3, 3, 1, 2, 3, 2, 3, 3, 3, 1, 1, 1, 2, 1, 2, 2, 1, 2, 2, 1, 3, 1, 1, 1, 1, 3, 3, 3, 3, 3, 1, 2, 3, 2, 1, 1, 3, 2, 2, 3, 2, 2, 1, 2, 1, 1, 2, 1, 3, 3, 3, 1, 1, 3, 3, 1, 3, 1, 1, 1, 2, 1, 2, 2, 1, 3, 3, 3, 3, 1, 3, 1, 1, 3, 3, 2, 2, 1, 3, 1, 2, 3, 2, 3, 3, 3, 3, 3, 3, 1, 3, 1, 1, 1, 1, 1, 1, 3, 3, 1, 3, 3, 3, 2, 2, 3, 2, 2, 1, 1, 3, 2, 2, 1, 2, 1, 3, 1, 2, 3, 2, 3, 3, 3, 1, 2, 1, 2, 1, 2, 2, 1, 1, 1, 3, 3, 2, 2, 1, 1, 1, 3, 1, 1, 3, 1, 1, 3, 3, 3, 1, 1, 3, 3, 1, 1, 1, 3, 3, 1, 1, 1, 2, 2, 1, 3, 2, 3, 3, 3, 2, 3, 2, 2, 3, 3, 3, 1, 2, 3, 3, 3, 2, 1, 2, 1, 2, 1, 2, 1, 1, 2, 1, 1, 3, 1, 1, 3, 3, 3, 1, 2, 3, 3, 1, 3, 1, 1, 1, 1, 3, 2, 2, 1, 2, 1, 3, 1, 2, 3, 2, 2, 1, 2, 1, 3, 2, 2, 1, 2, 1, 2, 101, -100, 1, 2, 1, 3, 1, 2, 3, 3, 3, 1, 1, 3, 3, 3, 3, 3, 1, 1, 1, 2, 1, 3, 3, 3, 3, 1, 3, 1, 1, 3, 1, 1, 3, 1, 1, 3, 3, 1, 3, 1, 1, 3, 3, 1, 1, 3, 1, 2, 3, 2, 1, 2, 1, 3, 1, 1, 3, 1, 2, 3, 3, 1, 1, 3, 3, 1, 3, 3, 1, 1, 3, 1, 1, 1, 2, 1, 2, 1, 1, 2, 1, 2, 1, 2, 3, 3, 1, 1, 2, 1, 3, 1, 1, 1, 2, 1, 1, 1, 1, 2, 3, 1, 1, 1, 2, 1, 3, 1, 1, 3, 3, 3, 3, 2, 2, 1, 3, 3, 3, 3, 1, 1, 3, 2, 2, 1, 2, 1, 2, 3, 3, 3, 1, 1, 3, 3, 1, 3, 3, 3, 2, 2, 3, 2, 3, 2, 2, 1, 2, 1, 1, 2, 1, 3, 3, 2, 2, 1, 3, 2, 2, 2, 1, 1, 2, 1, 2, 2, 1, 101, -100, 3, 1, 1, 1, 2, 1, 1, 2, 1, 3, 1, 2, 1, 1, 3, 1, 2, 3, 3, 1, 1, 2, 3, 1, 2, 1, 1, 1, 1, 1, 2, 1, 3, 2, 2, 1, 2, 3, 1, 1, 3, 1, 1, 3, -100], [3, 3, 2, 2, 2, 1, 1, 1, 3, 3, 1, 2, 1, 1, 1, 1, 1, 2, 1, 2, 2, 1, 1, 2, 1, 2, 1, 1, 3, 1, 1, 3, 3, 1, 1, 1, 3, 3, 3, 2, 3, 3, 2, 2, 1, 3, 3, 1, 2, 1, 3, 2, 3, 2, 2, 1, 1, 3, 1, 2, 2, 2, 1, 3, 1, 2, 1, 2, 1, 1, 2, 1, 3, 2, 3, 3, 3, 2, 1, 1, 3, 2, 3, 1, 1, 1, 1, 1, 1, 1, 1, 2, 2, 1, 3, 3, 3, 3, 3, 2, 1, 2, 1, 3, 2, 1, 1, 2, 2, 1, 101, -100, 3, 3, 1, 1, 2, 1, 2, 1, 3, 3, 3, 2, 3, 2, 2, 3, 2, 2, 3, 3, 3, 1, 2, 1, 2, 1, 3, 2, 1, 1, 3, 3, 1, 1, 2, 3, 3, 3, 2, 3, 3, 1, 1, 2, 2, 1, 1, 1, 1, 1, 3, 2, 1, 2, 1, 3, 2, 2, 3, 1, 1, 3, 3, 1, 1, 2, 1, 1, 2, 3, 1, 1, 3, 3, 1, 1, 1, 3, 1, 1, 3, 3, 2, 2, 1, 3, 3, 3, 2, 2, 3, 2, 2, 3, 3, 1, 2, 1, 3, 3, 2, 2, 1, 3, 3, 3, 3, 1, 1, 1, 1, 2, 1, 1, 1, 3, 2, 1, 2, 1, 3, 2, 3, 1, 2, 1, 2, 1, 3, 1, 2, 1, 2, 1, 1, 2, 1, 3, 2, 1, 2, 1, 2, 2, 1, 1, 2, 1, 2, 2, 1, 3, 3, 3, 2, 3, 3, 1, 3, 3, 1, 2, 1, 1, 2, 1, 3, 2, 3, 3, 3, 3, 3, 2, 2, 1, 2, 1, 3, 3, 1, 2, 3, 3, 3, 2, 2, 3, 3, 1, 1, 3, 3, 1, 3, 2, 2, 1, 2, 1, 2, 2, 1, 2, 2, 1, 1, 1, 1, 2, 1, 1, 2, 1, 1, 2, 3, 1, 1, 1, 2, 1, 1, 1, 2, 3, 3, 1, 2, 1, 1, 2, 1, 3, 2, 2, 1, 1, 1, 1, 3, 2, 3, 2, 2, 3, 3, 1, 1, 2, 1, 2, 1, 101, -100, 3, 3, 3, 1, 1, 3, 1, 1, 3, 1, 1, 3, 3, 3, 3, 3, 1, 2, 3, 1, 2, 3, 1, 2, 3, 3, 3, 3, 3, 1, 1, 1, 2, 1, 2, 1, 3, 1, 1, 3, 3, 1, 3, 3, 3, 3, 1, 3, 3, 1, 1, 2, 1, 3, 1, 1, 3, 3, 3, 3, 1, 2, 3, 1, 1, 1, 1, 3, 1, 1, 3, 3, 1, 3, 2, 1, 1, 3, 2, 1, 1, 3, 1, 1, 3, 2, 1, 1, 1, 2, 1, 3, 2, 3, 3, 2, 2, 1, 3, 1, 1, 1, 2, 1, 1, 1, 1, 2, 1, 3, 1, 2, 3, 2, 2, 1, 1, 3, 2, 1, 2, 1, 3, 2, 2, 3, 2, 1, 1, 3, 2, 2, 1, 2, 3, 3, 1, 1, 1, 1, 1, 3, 1, 2, -100]]
raw_compute_loss 0.017076730728149414
labels 的形状 torch.Size([2, 512])
labels 中 -100 比例 tensor(0.0039, device='cuda:0')
layer_hidden_time 0.0012960433959960938
save_layer_time 1.811981201171875e-05
coe_add 0.0009200572967529297
step_time= 0.03690361976623535
============测试模式=============
shift_labels [[2, 2, 3, 2, 3, 2, 1, 2, 1, 1, 1, 3, 2, 3, 3, 1, 2, 1, 1, 2, 3, 3, 3, 3, 3, 3, 3, 2, 2, 1, 1, 3, 1, 2, 3, 2, 2, 3, 2, 3, 3, 1, 2, 1, 1, 1, 1, 2, 3, 3, 1, 1, 1, 1, 1, 3, 1, 2, 1, 1, 2, 2, 1, 3, 3, 1, 1, 2, 1, 1, 3, 2, 2, 2, 1, 1, 2, 1, 2, 1, 3, 3, 2, 2, 1, 1, 2, 1, 1, 1, 3, 3, 1, 1, 2, 1, 1, 2, 2, 1, 3, 3, 3, 2, 2, 1, 2, 1, 3, 3, 2, 2, 1, 3, 3, 3, 2, 2, 3, 3, 1, 1, 1, 1, 1, 3, 3, 1, 3, 1, 1, 3, 3, 3, 1, 1, 3, 1, 1, 3, 3, 3, 2, 2, 3, 2, 2, 3, 2, 1, 1, 3, 2, 2, 101, -100, 2, 2, 1, 1, 1, 1, 1, 3, 3, 3, 2, 2, 2, 2, 1, 1, 2, 1, 3, 2, 3, 2, 3, 3, 3, 2, 2, 3, 3, 3, 2, 2, 3, 2, 2, 3, 3, 3, 3, 1, 2, 3, 3, 1, 1, 1, 1, 3, 3, 1, 3, 3, 3, 2, 3, 1, 2, 3, 2, 1, 2, 1, 1, 2, 1, 3, 3, 3, 2, 1, 2, 1, 2, 3, 2, 2, 1, 2, 1, 3, 3, 1, 2, 3, 3, 1, 1, 1, 3, 3, 2, 2, 1, 3, 2, 2, 2, 1, 3, 3, 3, 1, 2, 3, 3, 1, 1, 2, 3, 1, 1, 3, 1, 1, 3, 3, 3, 3, 3, 2, 2, 1, 2, 1, 3, 2, 3, 2, 1, 1, 3, 3, 1, 2, 1, 3, 2, 3, 1, 2, 2, 2, 1, 1, 1, 3, 2, 2, 3, 1, 2, 3, 3, 2, 2, 1, 3, 1, 1, 3, 3, 1, 2, 1, 3, 3, 3, 1, 1, 3, 3, 3, 1, 1, 3, 2, 1, 2, 1, 2, 2, 1, 3, 3, 1, 1, 2, 1, 1, 3, 2, 2, 3, 2, 3, 3, 3, 1, 1, 101, -100, 1, 1, 1, 2, 3, 3, 1, 3, 1, 1, 3, 3, 1, 3, 1, 1, 3, 3, 3, 3, 1, 3, 3, 1, 2, 1, 1, 1, 3, 1, 2, 1, 2, 1, 1, 1, 3, 1, 1, 3, 2, 2, 1, 2, 1, 3, 1, 2, 3, 3, 1, 3, 3, 1, 3, 3, 1, 3, 3, 1, 1, 3, 3, 3, 1, 1, 3, 3, 3, 1, 1, 1, 1, 3, 1, 2, 1, 2, 1, 3, 3, 1, 3, 1, 1, 1, 2, 1, 3, 3, 1, 1, 2, 1, 1, 2, 2, 1, 1, 2, 1, 3, 2, 3, 3, 3, 2, 2, 1, 2, 3, 3, 1, 1, 2, 1, 3, 1, 2, 1, 1, 1, 1, 3, 3, 2, 2, 1, 3, 2, 1, 2, 3, 1, 1, 1, 1, 3, 2, 3, 3, 1, 3, 1, 1, 3, 3, 1, 3, 3, 3, 3, 1, 2, -100], [2, 1, 1, 3, 2, 2, 1, 1, 1, 1, 3, 1, 2, 3, 1, 2, 1, 2, 1, 2, 1, 2, 1, 1, 1, 3, 3, 1, 1, 2, 1, 3, 1, 1, 3, 3, 2, 2, 1, 1, 1, 2, 2, 1, 3, 1, 2, 1, 2, 1, 1, 2, 3, 3, 3, 1, 2, 3, 3, 3, 1, 1, 3, 3, 1, 1, 1, 1, 1, 3, 1, 2, 2, 2, 1, 1, 2, 1, 2, 2, 1, 3, 3, 2, 2, 1, 2, 2, 1, 1, 2, 1, 3, 1, 1, 3, 2, 2, 3, 3, 3, 2, 1, 1, 1, 2, 3, 3, 1, 3, 1, 1, 101, -100, 1, 2, 1, 1, 2, 3, 1, 1, 1, 2, 3, 1, 1, 3, 1, 1, 1, 2, 1, 3, 3, 2, 2, 1, 2, 2, 1, 1, 2, 1, 3, 2, 2, 3, 2, 2, 1, 2, 1, 3, 3, 1, 1, 3, 2, 3, 1, 2, 1, 1, 3, 1, 2, 1, 2, 1, 3, 1, 1, 1, 2, 1, 2, 2, 1, 3, 3, 3, 2, 3, 2, 2, 1, 2, 1, 3, 2, 2, 1, 2, 1, 3, 1, 1, 1, 1, 3, 1, 2, 2, 2, 1, 3, 3, 3, 1, 1, 1, 1, 3, 1, 2, 2, 2, 1, 1, 2, 1, 3, 2, 2, 3, 3, 3, 2, 3, 3, 3, 3, 1, 1, 2, 3, 3, 3, 3, 3, 2, 2, 1, 2, 1, 2, 2, 1, 1, 2, 1, 3, 2, 1, 1, 3, 2, 2, 1, 2, 1, 3, 1, 1, 1, 2, 3, 1, 1, 3, 1, 1, 1, 1, 2, 2, 1, 3, 2, 1, 1, 3, 3, 1, 3, 3, 1, 3, 3, 1, 1, 2, 1, 3, 3, 1, 2, 1, 2, 1, 2, 3, 1, 2, 1, 1, 2, 2, 1, 1, 2, 1, 2, 2, 1, 3, 1, 2, 2, 2, 1, 3, 3, 2, 2, 1, 1, 2, 1, 2, 2, 1, 3, 2, 3, 1, 1, 3, 3, 1, 1, 2, 1, 3, 1, 2, 1, 1, 1, 2, 1, 1, 2, 1, 3, 2, 2, 3, 1, 2, 3, 1, 1, 3, 3, 1, 3, 3, 1, 3, 3, 1, 1, 1, 3, 1, 1, 1, 1, 1, 2, 1, 3, 1, 2, 3, 3, 3, 2, 1, 2, 1, 2, 3, 3, 1, 2, 1, 2, 1, 2, 3, 3, 1, 1, 2, 1, 101, -100, 3, 3, 1, 3, 1, 1, 1, 2, 3, 1, 1, 3, 3, 3, 1, 2, 1, 2, 1, 3, 2, 3, 3, 1, 2, 1, 3, 2, 1, 1, 3, 3, 1, 1, 3, 1, 2, 3, 3, 2, 2, 1, 1, 2, 1, 3, 2, 1, 2, 1, 3, 2, 2, 1, 2, 1, 3, 3, 1, 1, 1, 1, 1, 3, 3, 3, 2, 1, 1, 1, 2, 1, 1, 2, 1, 2, 3, 3, 1, 1, 1, 3, 3, 1, 3, 3, 1, 1, 1, 3, 3, 3, 1, 2, 2, 2, 1, 2, 2, 1, 3, -100]]
raw_compute_loss 0.01674652099609375
labels 的形状 torch.Size([2, 512])
labels 中 -100 比例 tensor(0.0039, device='cuda:0')
layer_hidden_time 0.0012590885162353516
save_layer_time 1.8596649169921875e-05
coe_add 0.0007793903350830078
step_time= 0.0354154109954834
============测试模式=============
shift_labels [[1, 1, 2, 1, 1, 3, 2, 3, 2, 2, 3, 3, 2, 2, 1, 1, 2, 1, 3, 1, 1, 3, 3, 1, 2, 3, 1, 1, 3, 3, 1, 1, 2, 1, 3, 2, 2, 3, 3, 1, 3, 3, 1, 1, 2, 1, 3, 3, 3, 2, 1, 2, 1, 3, 2, 2, 1, 2, 1, 1, 2, 1, 3, 1, 2, 3, 3, 3, 3, 3, 3, 1, 1, 1, 3, 3, 1, 1, 3, 1, 2, 3, 3, 3, 2, 1, 2, 1, 2, 2, 1, 3, 1, 2, 3, 3, 1, 1, 3, 3, 1, 3, 3, 1, 1, 3, 1, 2, 1, 1, 3, 2, 2, 3, 1, 1, 1, 2, 1, 1, 1, 2, 3, 1, 1, 3, 3, 1, 3, 3, 1, 1, 3, 1, 2, 3, 3, 3, 1, 1, 1, 2, 1, 3, 1, 1, 3, 3, 1, 3, 1, 1, 1, 2, 1, 3, 3, 2, 2, 1, 1, 1, 3, 3, 1, 3, 2, 1, 2, 1, 3, 2, 1, 1, 3, 2, 1, 1, 1, 2, 1, 2, 1, 3, 2, 2, 2, 2, 1, 3, 1, 1, 1, 2, 3, 3, 3, 3, 2, 2, 1, 1, 2, 1, 1, 2, 3, 3, 2, 2, 1, 3, 1, 2, 3, 3, 3, 1, 2, 3, 2, 2, 1, 2, 1, 1, 1, 1, 3, 2, 2, 3, 3, 3, 3, 3, 1, 2, 3, 3, 3, 1, 2, 1, 1, 3, 2, 3, 1, 2, 1, 2, 1, 3, 2, 2, 101, -100, 3, 3, 1, 3, 1, 1, 1, 2, 1, 1, 2, 1, 3, 1, 2, 3, 1, 2, 1, 2, 1, 3, 3, 1, 3, 3, 1, 3, 1, 1, 3, 1, 2, 3, 3, 3, 2, 3, 2, 1, 1, 3, 3, 3, 3, 3, 1, 1, 1, 2, 3, 1, 1, 3, 3, 2, 2, 1, 1, 2, 1, 2, 2, 1, 1, 2, 1, 3, 2, 2, 2, 1, 3, 3, 3, 3, 3, 2, 2, 1, 1, 3, 2, 1, 2, 1, 3, 3, 1, 3, 3, 2, 2, 1, 3, 2, 1, 1, 3, 1, 2, 3, 1, 2, 1, 2, 1, 3, 2, 2, 3, 3, 1, 3, 3, 1, 3, 3, 1, 1, 3, 2, 1, 1, 3, 3, 1, 3, 1, 1, 3, 3, 1, 2, 1, 3, 1, 2, 1, 1, 3, 2, 3, 3, 1, 2, 1, 2, 1, 3, 2, 2, 1, 1, 3, 1, 1, 101, -100, 3, 3, 3, 2, 1, 1, 1, 2, 1, 2, 2, 1, 3, 3, 2, 2, 1, 1, 2, 1, 1, 1, 3, 1, 1, 3, 1, 1, 1, 1, 3, 1, 2, 1, 1, 3, 3, 1, 2, 1, 2, 1, 2, 1, 1, 2, 1, 3, 2, 3, 3, 1, 1, 2, 1, 1, 2, 1, 1, 2, 1, 1, 1, 1, 1, 2, 1, 3, 2, 3, 3, 1, 1, 3, 2, 1, 2, 3, 3, 1, 3, 2, 1, 1, 2, 2, 1, 2, 2, 1, 3, 3, 3, 2, -100], [1, 3, 3, 1, 2, 1, 3, 2, 2, 2, 1, 1, 2, 1, 2, 1, 1, 1, 1, 3, 2, 2, 3, 2, 1, 2, 1, 3, 3, 1, 1, 1, 3, 1, 2, 3, 3, 2, 2, 1, 1, 2, 1, 3, 2, 2, 3, 3, 3, 2, 2, 3, 3, 1, 3, 3, 1, 1, 1, 1, 2, 1, 2, 1, 1, 1, 2, 1, 2, 2, 1, 3, 1, 2, 3, 3, 1, 3, 1, 1, 3, 3, 1, 1, 2, 1, 2, 1, 3, 3, 1, 1, 2, 1, 2, 3, 3, 1, 3, 3, 3, 3, 3, 2, 2, 1, 2, 1, 2, 3, 3, 1, 3, 3, 1, 1, 1, 2, 3, 3, 1, 1, 3, 1, 1, 1, 2, 1, 3, 3, 1, 2, 3, 3, 1, 1, 2, 1, 3, 3, 1, 1, 2, 3, 3, 1, 3, 1, 1, 1, 1, 1, 2, 3, 1, 1, 3, 1, 1, 3, 1, 1, 1, 1, 3, 3, 3, 2, 3, 3, 1, 2, 3, 1, 1, 1, 1, 3, 3, 1, 1, 1, 3, 3, 3, 1, 2, 1, 1, 2, 2, 1, 1, 1, 3, 2, 3, 1, 2, 1, 2, 3, 1, 1, 1, 2, 1, 3, 3, 1, 3, 3, 1, 3, 3, 3, 3, 1, 3, 3, 1, 1, 1, 3, 3, 1, 1, 2, 3, 3, 1, 2, 2, 1, 3, 3, 3, 2, 2, 2, 1, 1, 2, 1, 3, 2, 1, 2, 1, 3, 2, 3, 2, 3, 1, 1, 3, 1, 1, 1, 2, 1, 101, -100, 1, 2, 1, 1, 2, 1, 2, 3, 3, 1, 1, 2, 1, 1, 2, 1, 2, 2, 1, 3, 1, 2, 3, 3, 3, 2, 2, 1, 1, 3, 3, 1, 2, 3, 3, 3, 1, 2, 1, 2, 1, 1, 2, 3, 2, 2, 3, 3, 3, 2, 1, 2, 1, 3, 2, 1, 1, 1, 2, 1, 1, 3, 2, 3, 2, 2, 1, 2, 3, 3, 1, 1, 2, 1, 1, 3, 3, 1, 1, 3, 2, 1, 1, 1, 2, 1, 1, 3, 1, 2, 1, 2, 1, 1, 2, 1, 2, 2, 1, 3, 1, 2, 1, 1, 2, 2, 1, 3, 3, 3, 1, 2, 3, 1, 2, 3, 3, 3, 2, 1, 2, 1, 3, 1, 2, 1, 1, 2, 2, 1, 3, 3, 2, 2, 1, 3, 3, 1, 1, 2, 1, 2, 1, 1, 3, 3, 3, 1, 1, 1, 2, 1, 2, 1, 3, 2, 2, 1, 1, 3, 2, 2, 1, 2, 3, 1, 1, 3, 1, 1, 3, 3, 1, 3, 1, 1, 1, 1, 3, 3, 3, 1, 1, 1, 2, 1, 3, 3, 3, 3, 3, 1, 1, 3, 1, 1, 1, 2, 1, 2, 1, 3, 2, 3, 3, 3, 1, 2, 1, 1, 3, 1, 2, 1, 1, 2, 2, 1, 2, 2, 1, 1, 2, 1, 2, 2, 1, 3, 3, 1, 2, 1, 3, 2, 2, 3, 3, 3, 2, 3, 2, 1, 2, 1, 3, 2, 3, -100]]
raw_compute_loss 0.018796682357788086
labels 的形状 torch.Size([2, 512])
labels 中 -100 比例 tensor(0.0029, device='cuda:0')
layer_hidden_time 0.001468658447265625
save_layer_time 4.076957702636719e-05
coe_add 0.0008881092071533203
step_time= 0.03867363929748535
============测试模式=============
shift_labels [[1, 2, 1, 2, 2, 1, 1, 2, 1, 2, 3, 3, 1, 1, 2, 1, 3, 3, 3, 3, 2, 2, 1, 1, 1, 3, 2, 3, 3, 3, 2, 3, 3, 3, 3, 1, 2, 2, 1, 1, 2, 1, 3, 3, 3, 1, 2, 1, 1, 3, 2, 2, 3, 3, 1, 3, 1, 1, 3, 3, 3, 1, 1, 3, 3, 1, 3, 3, 1, 3, 1, 1, 1, 2, 1, 1, 2, 1, 3, 1, 2, 3, 3, 3, 3, 1, 3, 1, 1, 3, 1, 1, 3, 3, 3, 1, 1, 3, 1, 1, 1, 1, 3, 3, 3, 2, 2, 101, -100, 1, 2, 1, 1, 2, 3, 3, 3, 1, 2, 2, 2, 1, 3, 1, 2, 3, 3, 3, 2, 3, 3, 1, 3, 3, 3, 3, 3, 2, 1, 1, 1, 1, 3, 3, 3, 1, 2, 3, 3, 2, 2, 1, 1, 1, 1, 2, 1, 3, 3, 1, 3, 3, 1, 1, 3, 1, 2, 3, 3, 3, 1, 2, 3, 1, 1, 3, 1, 1, 3, 3, 1, 2, 1, 2, 3, 3, 1, 3, 3, 1, 1, 2, 1, 1, 2, 1, 1, 1, 2, 1, 3, 1, 2, 3, 3, 3, 2, 3, 3, 3, 3, 1, 3, 1, 2, 3, 3, 3, 1, 2, 3, 1, 1, 1, 2, 1, 2, 1, 3, 3, 3, 2, 2, 1, 1, 3, 1, 1, 1, 2, 1, 3, 2, 2, 2, 1, 1, 2, 1, 3, 2, 2, 3, 1, 2, 1, 1, 3, 3, 1, 2, 3, 1, 1, 3, 3, 3, 3, 1, 3, 3, 1, 3, 2, 3, 3, 1, 2, 1, 1, 1, 3, 2, 3, 3, 2, 2, 1, 1, 1, 3, 2, 2, 1, 2, 3, 3, 1, 3, 3, 1, 3, 3, 1, 3, 3, 3, 1, 2, 3, 3, 1, 2, 1, 1, 2, 1, 3, 1, 1, 3, 2, 3, 3, 3, 2, 1, 2, 1, 3, 2, 1, 1, 1, 2, 3, 3, 1, 1, 1, 1, 2, 2, 1, 1, 1, 3, 3, 1, 2, 2, 1, 1, 2, 1, 1, 2, 1, 3, 1, 1, 1, 2, 1, 2, 1, 3, 2, 2, 3, 3, 2, 2, 1, 1, 1, 3, 2, 2, 1, 2, 1, 3, 1, 2, 1, 2, 1, 1, 1, 3, 2, 1, 1, 1, 1, 3, 3, 1, 3, 1, 1, 1, 2, 1, 1, 2, 1, 3, 2, 2, 1, 1, 3, 2, 2, 2, 1, 3, 3, 1, 1, 2, 1, 2, 1, 3, 1, 1, 3, 3, 1, 1, 3, 3, 1, 3, 3, 3, 3, 101, -100, 3, 3, 1, 3, 3, 1, 1, 2, 1, 1, 2, 1, 2, 1, 1, 1, 3, 2, 2, 3, 3, 3, 2, 1, 2, 1, 2, 3, 3, 3, 3, 2, 2, 1, 2, 2, 1, 3, 1, 1, 3, 3, 1, 3, 1, 1, 1, 2, 3, 2, 2, 3, 3, 3, 3, 2, 2, 1, 1, 2, 1, 1, 1, 3, 1, 2, 1, 1, 3, -100], [1, 3, 3, 2, 2, 1, 3, 2, 2, 1, 2, 1, 2, 1, 2, 3, 3, 1, 1, 2, 1, 1, 1, 2, 2, 1, 3, 2, 2, 3, 1, 2, 1, 2, 1, 3, 2, 1, 1, 2, 2, 1, 1, 2, 1, 1, 1, 3, 2, 1, 1, 3, 1, 1, 1, 2, 1, 2, 3, 3, 1, 3, 2, 2, 1, 1, 1, 2, 1, 3, 2, 2, 1, 2, 1, 3, 3, 3, 1, 1, 3, 1, 1, 3, 3, 1, 2, 1, 2, 1, 1, 3, 1, 1, 3, 3, 1, 3, 3, 3, 3, 1, 3, 3, 1, 1, 2, 1, 2, 3, 3, 101, -100, 1, 1, 3, 2, 3, 1, 2, 3, 3, 2, 2, 1, 3, 3, 1, 3, 3, 1, 1, 2, 1, 3, 1, 2, 2, 2, 1, 1, 2, 1, 3, 1, 2, 1, 1, 3, 2, 1, 2, 1, 1, 1, 3, 1, 1, 3, 3, 1, 1, 2, 1, 3, 3, 1, 1, 2, 3, 1, 2, 1, 1, 3, 3, 3, 1, 1, 3, 1, 1, 1, 2, 1, 3, 2, 2, 3, 2, 2, 1, 1, 1, 2, 1, 3, 3, 2, 2, 1, 3, 1, 2, 3, 3, 1, 1, 2, 1, 2, 3, 3, 3, 3, 3, 1, 1, 1, 2, 1, 2, 1, 3, 3, 1, 3, 3, 1, 3, 3, 3, 1, 2, 3, 3, 3, 2, 2, 1, 2, 1, 2, 3, 3, 3, 3, 1, 1, 2, 3, 3, 3, 3, 3, 1, 2, 3, 3, 1, 1, 3, 1, 1, 1, 2, 1, 1, 3, 3, 2, 2, 1, 1, 1, 3, 3, 1, 2, 1, 2, 1, 2, 1, 3, 3, 3, 2, 2, 1, 2, 1, 3, 2, 3, 3, 1, 3, 1, 1, 1, 2, 3, 3, 1, 1, 1, 2, 1, 2, 1, 1, 2, 1, 3, 3, 1, 3, 3, 1, 1, 2, 1, 3, 3, 1, 3, 3, 1, 1, 2, 1, 3, 1, 1, 1, 2, 3, 3, 1, 3, 3, 1, 1, 2, 1, 2, 1, 101, -100, 3, 1, 2, 1, 2, 1, 3, 3, 1, 2, 1, 1, 2, 1, 1, 3, 1, 2, 3, 1, 2, 1, 2, 1, 3, 2, 2, 3, 2, 1, 2, 1, 3, 2, 1, 1, 3, 1, 2, 3, 1, 2, 3, 3, 1, 3, 3, 1, 1, 2, 1, 1, 2, 1, 3, 1, 2, 3, 2, 3, 1, 2, 1, 1, 3, 2, 3, 2, 1, 2, 1, 3, 2, 2, 2, 1, 1, 2, 1, 3, 2, 2, 1, 2, 3, 3, 1, 3, 2, 1, 1, 3, 3, 3, 3, 1, 3, 1, 1, 1, 2, 1, 2, 2, 1, 1, 2, 1, 2, 2, 1, 1, 1, 2, 2, 1, 3, 3, 3, 1, 1, 1, 2, 1, 3, 2, 2, 2, 1, 1, 1, 3, 1, 1, 1, 1, 3, 1, 2, 1, 2, 1, 3, 2, 2, 2, 1, 1, 2, 1, 2, 1, 3, 3, 1, 1, 2, 2, 1, 3, 2, -100]]
raw_compute_loss 0.01706981658935547
labels 的形状 torch.Size([2, 512])
labels 中 -100 比例 tensor(0.0039, device='cuda:0')
layer_hidden_time 0.0012688636779785156
save_layer_time 1.811981201171875e-05
coe_add 0.0009224414825439453
step_time= 0.03610062599182129
============测试模式=============
shift_labels [[1, 1, 2, 1, 3, 2, 2, 3, 3, 3, 2, 2, 3, 1, 1, 3, 1, 1, 3, 2, 2, 3, 3, 1, 1, 3, 3, 3, 3, 1, 1, 1, 2, 2, 1, 1, 2, 1, 3, 2, 2, 3, 1, 1, 1, 2, 1, 1, 1, 3, 2, 1, 2, 1, 2, 2, 1, 1, 2, 1, 3, 2, 2, 1, 2, 1, 1, 2, 101, -100, 3, 1, 1, 1, 2, 1, 1, 1, 1, 1, 1, 2, 1, 2, 1, 2, 3, 3, 3, 3, 1, 1, 2, 1, 2, 1, 3, 1, 1, 3, 3, 1, 3, 3, 3, 2, 1, 2, 1, 1, 2, 1, 3, 3, 1, 1, 2, 1, 3, 1, 2, 2, 2, 1, 3, 2, 1, 1, 1, 2, 1, 3, 1, 2, 1, 1, 3, 3, 3, 1, 1, 3, 3, 1, 1, 3, 3, 3, 1, 1, 3, 1, 1, 1, 2, 1, 2, 1, 1, 1, 2, 2, 1, 3, 2, 3, 3, 2, 2, 1, 3, 1, 1, 3, 3, 1, 2, 1, 3, 3, 1, 2, 1, 2, 1, 2, 2, 1, 3, 2, 3, 2, 1, 2, 1, 3, 3, 2, 2, 1, 1, 2, 1, 3, 3, 1, 2, 3, 3, 1, 3, 3, 1, 1, 2, 1, 2, 1, 3, 2, 2, 3, 3, 1, 1, 2, 2, 1, 1, 1, 3, 3, 1, 3, 1, 1, 3, 3, 1, 1, 2, 1, 2, 1, 2, 1, 2, 1, 1, 1, 3, 1, 2, 3, 2, 2, 3, 3, 1, 2, 3, 2, 2, 3, 3, 3, 3, 3, 1, 1, 3, 1, 1, 3, 3, 1, 3, 3, 1, 3, 2, 2, 3, 3, 3, 2, 2, 1, 2, 3, 1, 1, 3, 2, 2, 3, 3, 2, 2, 1, 1, 2, 3, 1, 1, 3, 3, 2, 2, 1, 3, 1, 2, 3, 1, 1, 1, 1, 1, 1, 1, 1, 2, 2, 1, 3, 3, 3, 3, 3, 1, 1, 1, 2, 1, 3, 2, 3, 2, 1, 2, 1, 1, 1, 1, 3, 1, 1, 1, 1, 3, 3, 101, -100, 1, 2, 1, 3, 1, 1, 3, 3, 1, 3, 3, 3, 3, 3, 3, 1, 2, 1, 1, 2, 2, 1, 3, 2, 3, 3, 3, 3, 1, 1, 2, 1, 2, 1, 2, 1, 1, 1, 3, 3, 1, 3, 1, 1, 3, 3, 1, 3, 1, 1, 3, 3, 1, 2, 1, 3, 1, 1, 3, 3, 1, 3, 3, 2, 2, 1, 1, 1, 3, 2, 2, 1, 2, 3, 1, 1, 3, 3, 1, 3, 1, 1, 1, 1, 1, 1, 3, 1, 1, 1, 2, 1, 3, 2, 2, 3, 1, 1, 3, 1, 1, 1, 2, 1, 2, 3, 2, 1, 1, 1, 1, 3, 3, 3, 3, 1, 3, 3, 3, 2, 2, 3, 3, 3, 1, 1, 3, 3, 1, 1, 2, 1, 1, 1, 3, 2, 2, 3, 1, 2, 3, 2, 3, 3, 2, 2, 1, 1, 2, 3, 3, 1, 3, 2, 2, 1, 2, -100], [2, 1, 1, 2, 1, 3, 3, 2, 2, 1, 3, 3, 3, 2, 1, 1, 3, 1, 1, 3, 1, 1, 1, 1, 1, 1, 1, 2, 1, 1, 2, 1, 2, 3, 3, 3, 3, 3, 1, 1, 3, 1, 1, 1, 2, 1, 1, 1, 3, 2, 3, 1, 2, 3, 1, 2, 3, 3, 3, 2, 1, 2, 1, 3, 3, 1, 3, 3, 2, 2, 1, 2, 2, 1, 3, 2, 1, 2, 1, 1, 1, 1, 2, 1, 3, 3, 1, 3, 3, 3, 2, 1, 2, 1, 3, 1, 1, 1, 2, 1, 3, 3, 3, 1, 2, 1, 2, 1, 3, 1, 2, 3, 3, 3, 2, 2, 3, 2, 2, 1, 2, 1, 3, 3, 1, 3, 1, 1, 1, 2, 1, 3, 3, 3, 3, 3, 1, 2, 1, 1, 3, 2, 1, 1, 3, 2, 2, 3, 2, 1, 2, 1, 3, 2, 2, 3, 3, 1, 1, 2, 1, 2, 1, 2, 1, 2, 1, 1, 1, 3, 1, 2, 1, 1, 3, 1, 1, 3, 1, 1, 1, 2, 1, 3, 1, 1, 1, 2, 1, 3, 3, 3, 3, 1, 1, 1, 1, 2, 1, 1, 2, 1, 2, 2, 2, 1, 1, 1, 2, 2, 1, 101, -100, 3, 3, 1, 2, 3, 2, 2, 1, 1, 1, 2, 1, 1, 2, 1, 1, 2, 2, 2, 1, 3, 3, 3, 3, 1, 1, 1, 2, 3, 1, 1, 3, 1, 1, 1, 1, 2, 2, 1, 2, 2, 1, 1, 2, 1, 3, 3, 3, 2, 3, 3, 3, 3, 1, 2, 1, 1, 2, 2, 2, 1, 1, 2, 1, 2, 2, 1, 1, 2, 1, 1, 1, 1, 1, 1, 3, 3, 1, 1, 2, 1, 3, 2, 2, 3, 2, 2, 1, 2, 1, 2, 2, 1, 3, 2, 2, 3, 2, 2, 1, 1, 3, 2, 2, 3, 3, 1, 3, 3, 1, 1, 2, 1, 2, 2, 1, 3, 3, 3, 2, 2, 1, 2, 1, 3, 1, 2, 3, 3, 1, 3, 1, 1, 1, 2, 1, 3, 2, 3, 1, 2, 3, 3, 1, 1, 1, 1, 1, 1, 2, 3, 3, 1, 1, 3, 3, 1, 1, 2, 1, 1, 1, 1, 3, 1, 1, 101, -100, 3, 2, 3, 3, 1, 2, 1, 1, 2, 1, 3, 3, 1, 3, 1, 1, 1, 2, 1, 1, 1, 2, 1, 2, 2, 1, 1, 1, 1, 2, 3, 1, 1, 1, 1, 3, 1, 1, 3, 1, 1, 1, 2, 3, 3, 3, 3, 1, 2, 3, 3, 1, 3, 3, 3, 2, 3, 2, 3, 1, 1, 3, 3, 1, 1, 1, 1, 2, 1, 3, 2, 1, 2, 1, 2, 2, 1, 3, 3, 3, 2, 2, 3, 1, 2, 3, 3, 3, 2, 1, 2, 1, 3, 2, 2, 3, 1, 2, 1, 1, 1, 2, 1, 1, 3, 1, 1, 1, 2, 3, 3, 1, 2, 1, 3, 1, 1, 1, 2, 1, 1, 2, 2, 1, 3, 3, 3, 3, 3, 1, -100]]
raw_compute_loss 0.017058134078979492
labels 的形状 torch.Size([2, 512])
labels 中 -100 比例 tensor(0.0039, device='cuda:0')
layer_hidden_time 0.0012569427490234375
save_layer_time 1.7404556274414062e-05
coe_add 0.0009081363677978516
step_time= 0.03569960594177246
============测试模式=============
shift_labels [[1, 2, 3, 1, 1, 1, 2, 3, 3, 1, 3, 1, 1, 3, 3, 1, 2, 1, 1, 2, 1, 3, 2, 2, 3, 3, 3, 3, 1, 1, 2, 1, 1, 1, 1, 2, 2, 1, 1, 1, 3, 1, 2, 3, 3, 3, 1, 2, 2, 2, 1, 3, 2, 2, 1, 2, 1, 3, 3, 3, 3, 1, 1, 1, 1, 2, 1, 3, 1, 2, 3, 3, 2, 2, 1, 1, 1, 3, 2, 2, 3, 2, 1, 2, 1, 2, 2, 1, 1, 2, 1, 2, 3, 3, 3, 2, 2, 3, 3, 3, 3, 3, 1, 1, 3, 1, 1, 3, 3, 3, 3, 1, 1, 2, 1, 1, 1, 3, 3, 3, 2, 2, 2, 1, 3, 3, 1, 3, 1, 1, 3, 2, 2, 1, 2, 1, 1, 1, 3, 3, 1, 2, 3, 3, 1, 3, 3, 1, 3, 1, 1, 1, 2, 1, 1, 1, 3, 3, 2, 2, 1, 3, 3, 1, 1, 2, 3, 3, 1, 1, 1, 1, 2, 1, 1, 2, 3, 1, 1, 3, 3, 3, 3, 3, 2, 2, 3, 3, 3, 1, 2, 1, 2, 1, 1, 2, 1, 3, 1, 1, 1, 2, 1, 2, 2, 1, 3, 2, 1, 1, 3, 1, 1, 3, 3, 1, 3, 1, 1, 3, 2, 1, 1, 1, 2, 1, 3, 3, 1, 3, 3, 1, 1, 1, 3, 2, 3, 3, 1, 1, 2, 1, 1, 2, 1, 1, 1, 1, 2, 3, 1, 1, 1, 2, 3, 2, 2, 1, 2, 1, 2, 2, 1, 3, 1, 2, 1, 2, 1, 1, 1, 3, 3, 1, 1, 2, 1, 1, 1, 1, 2, 2, 1, 3, 3, 1, 2, 1, 2, 2, 1, 3, 2, 3, 1, 1, 1, 2, 1, 2, 1, 2, 3, 1, 1, 3, 3, 1, 3, 2, 2, 1, 2, 1, 1, 2, 1, 3, 1, 1, 1, 2, 3, 1, 1, 1, 2, 3, 3, 3, 2, 1, 2, 1, 1, 2, 1, 3, 2, 2, 1, 1, 3, 1, 2, 1, 2, 1, 3, 1, 2, 3, 2, 2, 101, -100, 2, 2, 1, 1, 1, 3, 2, 3, 1, 1, 1, 2, 1, 1, 2, 1, 3, 1, 1, 3, 3, 1, 1, 1, 3, 3, 3, 2, 3, 2, 2, 3, 3, 3, 1, 2, 1, 2, 1, 2, 2, 1, 3, 3, 1, 2, 1, 2, 2, 1, 3, 3, 3, 1, 1, 1, 2, 3, 3, 3, 2, 2, 1, 2, 1, 3, 2, 3, 3, 3, 2, 1, 2, 1, 3, 1, 2, 1, 2, 1, 3, 1, 2, 3, 2, 2, 1, 1, 3, 3, 3, 2, 1, 2, 1, 3, 2, 3, 1, 1, 1, 1, 1, 2, 1, 3, 3, 1, 1, 2, 1, 3, 3, 3, 3, 3, 3, 1, 1, 2, 1, 2, 2, 1, 1, 2, 1, 1, 2, 3, 3, 1, 1, 2, 1, 1, 2, 1, 3, 3, 3, 1, 2, 3, 1, 1, 1, 2, 3, 3, 1, 3, 3, 1, 2, -100], [1, 2, 3, 1, 1, 3, 3, 3, 3, 3, 3, 1, 1, 2, 1, 1, 3, 1, 2, 1, 1, 1, 2, 1, 1, 2, 1, 2, 2, 1, 3, 1, 2, 3, 3, 3, 2, 2, 3, 2, 2, 1, 1, 3, 1, 2, 3, 1, 2, 3, 3, 1, 3, 3, 1, 3, 3, 1, 3, 3, 1, 1, 3, 1, 2, 1, 2, 1, 2, 2, 1, 1, 2, 1, 3, 2, 3, 2, 3, 3, 1, 3, 3, 1, 3, 3, 3, 3, 3, 2, 3, 3, 1, 2, 101, -100, 1, 2, 3, 3, 1, 2, 1, 1, 2, 1, 1, 3, 3, 1, 2, 1, 2, 3, 3, 3, 2, 2, 3, 3, 1, 1, 1, 1, 2, 1, 3, 3, 3, 3, 1, 3, 2, 2, 3, 3, 3, 2, 2, 1, 1, 2, 2, 1, 2, 2, 1, 3, 3, 1, 3, 1, 1, 1, 2, 1, 3, 2, 1, 1, 2, 2, 1, 1, 1, 3, 1, 2, 1, 1, 3, 1, 2, 3, 3, 3, 2, 2, 3, 1, 2, 3, 2, 2, 3, 3, 1, 1, 1, 2, 1, 3, 2, 2, 3, 3, 3, 1, 2, 3, 3, 3, 2, 3, 3, 2, 2, 1, 1, 2, 1, 1, 1, 3, 3, 1, 3, 3, 3, 1, 2, 1, 2, 1, 3, 3, 1, 1, 2, 1, 2, 1, 1, 1, 3, 3, 1, 2, 1, 2, 1, 3, 3, 1, 1, 1, 1, 2, 3, 1, 1, 1, 2, 3, 2, 2, 1, 1, 1, 2, 1, 2, 2, 1, 1, 2, 1, 3, 2, 2, 3, 3, 3, 2, 3, 3, 1, 1, 2, 1, 1, 1, 1, 1, 3, 1, 2, 1, 1, 3, 2, 2, 3, 2, 3, 1, 2, 3, 3, 3, 2, 3, 1, 1, 3, 3, 1, 1, 1, 1, 1, 3, 2, 2, 2, 1, 3, 2, 1, 2, 1, 3, 2, 1, 1, 3, 1, 2, 3, 2, 3, 3, 1, 1, 2, 1, 1, 3, 2, 2, 1, 1, 2, 2, 1, 2, 2, 1, 3, 3, 3, 1, 2, 1, 2, 1, 3, 2, 101, -100, 3, 1, 1, 1, 2, 3, 1, 1, 3, 1, 1, 1, 2, 1, 2, 1, 1, 2, 1, 3, 3, 3, 1, 2, 1, 1, 3, 3, 3, 3, 1, 3, 3, 3, 1, 2, 1, 2, 1, 1, 2, 1, 3, 1, 1, 3, 3, 1, 3, 3, 1, 3, 1, 1, 1, 1, 1, 2, 1, 1, 1, 3, 1, 1, 1, 1, 3, 1, 2, 3, 2, 2, 2, 2, 1, 1, 2, 1, 1, 2, 1, 3, 2, 1, 2, 1, 1, 2, 1, 3, 2, 1, 1, 2, 2, 1, 1, 2, 1, 3, 2, 2, 3, 2, 2, 3, 3, 3, 1, 1, 1, 1, 1, 2, 1, 2, 3, 1, 1, 3, 3, 3, 3, 3, 1, 2, 2, 2, 1, 1, 1, 3, 2, 2, 3, 2, 2, 3, 3, 1, 2, 1, 2, 1, 3, 2, 3, 2, 2, 2, 1, -100]]
raw_compute_loss 0.018782854080200195
labels 的形状 torch.Size([2, 512])
labels 中 -100 比例 tensor(0.0029, device='cuda:0')
layer_hidden_time 0.001378774642944336
save_layer_time 3.743171691894531e-05
coe_add 0.0008702278137207031
step_time= 0.03847551345825195
{'train_runtime': '6.75', 'train_samples_per_second': '2.963', 'train_steps_per_second': '1.481', 'train_loss': '3.291', 'epoch': '1e-06'}
***** train metrics *****
  epoch                    =        0.0
  total_flos               =     4866GF
  train_loss               =      3.291
  train_runtime            = 0:00:06.75
  train_samples            =   20000000
  train_samples_per_second =      2.963
  train_steps_per_second   =      1.481
swanlab: Experiment gpt2_cfg_pretrain has completed
swanlab: 🏠 View project at https://swanlab.cn/@HXJA/CFG_Pretrain
swanlab: 🚀 View run at https://swanlab.cn/@HXJA/CFG_Pretrain/runs/eytxvm4wvl5rr63zznztf
